De Plauti substantivis, . 661

dicionem Ac. Am 259, Ml 954.

dictafior 178.Ps 416; Ao. Tr 695.

dictatrix NS. Pe 770.

dicto DS. Am 989, 991, Aen-5443 Β
439, Mn 4443 Mr 381, Pe 378,
399, 836, Tr 1062, Ao. AS 45,
407, 698, cp 4823 Mn 249, Ab.
B 679, 687, Cp 303, ΜΟ 923,
Pe 2233 m‘. Am 632, 8153 Al
150, Ca 1. 513 Ε 321, Μο 395,
Ρο 3,-2. 3, Ps 308, 432, 4703
DP. As 56, Pe 812, 8133 Ps 1083
S 1023A1’. Am 1030, AS 525,
649, 9’27, Β 4495 698, Cp 219,
429, 965, Ca 3. ,25, 3. 5. 35,
(54.17), 01251. 34, Μο97,
Ps 369, 872, R 364, 125'03 S 281,
Tr 77, 380, 660, Tu 1. 2 78,
AbP. Am 25, 285, 585, 789, 927,
1118, As 48'33 B’ 632', 9073 Cp
482, Ca2. 1.11, Οἱ’2. 3.14,
Cu ’195, 335, Mn ’707, Mr 978,
Mo 198’3 Ps 310, 359, ’393, 396,
R 682, S 400, 4573 'rr 640.

dieculae ΝΡ. Ρ8 503.

dies HS. Am 549 (bis)3 As 534, 838;
Al 714,,Β 700, 1203, cp 174,
(518), 774, Oa 1. 493 2. 8. 74,
Cu 5, Ε 545, Mn 157, 585, 899,
Pe 33, 402, 712, 773, 780, Ρο 5.
3. 14, 5. 4. 7, Ps 58, 165, 241,
374, 623, 775, R 1001, 11073 S
648, Tr 578, Tu 5. 203 ΘΒ. AS
253, Cp 8003 ΡΟ 1. 2. 8, PS 1158,
'Fr 811, ns, Am 276, 546; cp
4643 Tr 8433 Ac. Am 672, Α·8
198, 291, 817, 847, ΑΙ 20, 322,
523, 696, Cp 417, 494,·634; Ca
3. 3. 3, 3. 3. 4, Ci 1. 3. 27, 2.
3. 69, Cu 352, Ε 157, 341, 496,
576, 606, Mn 62, 112, 155, 305,
477, 500, 596, 692, 749, 959, Mr
542, 385, Ml 77, 565,861, Mo
436, 534, 785, Pe 115,·689, 768,

’ Po pr. 77, 1. 2. 44, 2.1; 2. 52,“

2. 55, 4. 2. 82, 5. 2. 110, 5. 4.
15, 5. 8. 29, Ps 128, 179, 534,
547, 621, 731,899, 1268, R14163
S 267, 421, 424, 435, 453, 478,
517, 638, ΤΥ 796, 807, 961, Tu
5. 14, V 2. 35, Ab. Am 254, 518,
825, Al 70, 378, 826, 13341, cp
717, 731, Ca. 5.·1.3; Cu 656, Ε
839, Mn 474, 749, 1103, Mr 38,
Μ] 45, 855, ΜΟ 1019, Pe 265,
479, Po 1. 2. 131, 2. 26, 2. 49,
2. 52, 3. 5. 13, 4. 2. 26, PS 234,

279, 301 (bis), 1173,12373 R498,
1171, 13373 S 501, ‘Tu 2. 3. 17,
2. 4. 70, 5.· 15, noe. Mn 1156,
Mo 881, Pe 260, m’. As 311;
Ar. Am 168, As 602, 753, 801,
A1733B 461, Ca. 2. 5. 12, Oi 2.
1.133 Cu 241, 448, Ε 54, 298,
Mn 104, 894, 950, ’95,1 Mr 46,
838, Ml' 582, 743, Μο ’,22 235,
589, Pe 471'3 Po 1. 2. 18’, ult.
503 'Pe 9, 28'3, 3213 R 131: 137,
380, S 5, 153, Tr 166, 287, 402,
Tu 2. 3. 27, 2. 6. 29, 4. 4. 19,
5. 12, AbP. Cp 168, Mn 36, ΜΟ
238, ΡΟ 5. 4. 37, Tu 2. 8. 13.

- propediem Pe 295, 837.
- cottidie As 8643 Al 23; ci 1. 1.

45, Ε 58, Mn 91, PS 844, R 16,
295, S 121, 165, Tu 1. 1. 48. ·

— hodie Am 94, 140, 177, 284, 298,

334, 348, 357, 366, 398, 426, 454,

· 462, 480, 563, 583, 589, 686, 706,
'740, 743, 748’, 752, 758, 761, 771,

875, [952], 1003‚1017,1030‚'1033,
1043, 1061, 109'13 As’ 20, 7’4, 98,
103, 362, 3’6,4 374, 410, 479, ’483,
492, 494, 498, 630' 634, 670, 674,
699, 707,’ 728, 887,’ 897,’ 009,’ 936,
4131, 48, 125, 204, 260, 269,

-287, 362, 369, 406, 416, 561, 585,

654, 779, 812, Β 94, 102, 232,
241, 591, 641, 642, 687, 694, 701,
744, 762, 766, 771, 793, 841, 859,
903, 916, 944, 951, 975, 1029,
1036,1094,1128, [1184], 1188,
1194,1208;'Cp 39, 40, 348, [481],
[500]’, 573, 610, 649, 65Ὀ, 653,
703, 783, [791], ’,854 'Ca pr. 64,
2. 1’, 5, ’*2.3.2,2.’,3.31 2. 3.
40, 2. ’6, 36, 2. 6. 37, 2. 6. 52,
*2. 6. 65, 2. 8. 15, 2. 8. 24, 2.
8. 29, 2. 8. 31, 2. 8. 37, 2. 8.
69, 3. 3. 7, 3.·3. 27, 3. 4. 18,

-3, 5. 35, 3. 5. 52, 3. 5. 57, 3. 6.

7, 3. 6. 11, 4. 1. 7, 4. 4, 11, Ci
1. 1'. 2,1.1. 17, 1. 1. 45, 2. 1.
48, 2, 2, 2, Cu 129, 143, 207,
556, 562, 614, 660, 680, 684, 689,
691, 727, 728, Ε 26, 122, 157,
251, 272, 315, 351, 406, 465, 495,
671, 689, 716, 719, 724, 728, Mn
70, 124, 185, 186, 200, 217, 381,
398, 448, 460, 466, 508, 564, 588,
596, 597, (601), 629, 1022, 1039,
1050, 1061, 1075, 1137, Μι* 281,
303, 438, 532, 615, 831, [980];
Ml 67, 150, (214), 261, 272, 278,

