“ 376 (bis), (378),

De Plauti s'ubstantiviS.

843, 882, 889, 898, 904, 938, Al
17, 22, 30, 611, 779, Β 449, 508,
599, 539, 730, 735, 739, 743, 744,
746, 877. 899, 997,,1007, 1013,
1019, 1025, 1030, 1105, Cp 4, 21,
107, 939, 989, 989, 316, 389, 406,
440, 444, 633, 635, 934, 936, 974,
982, 1011, 1018, 1021, 1οἃρΐ. 513
pr. 152, pr.362 2..4416, 3...614,
Οἱ1.1.1,03 1..,’..9111349,
1..,.347211.;132,.,1222.1.
38, 9. 3. 19, Cu '602, 603, 636,
Ε (353), 354, 360, 368, 570, 593,
595 (bis), 6433 Mn 24, 26, 34,
775, 780, 789, 786, 798, 806, 839,
843, 851, 1115, Mr 7, 46, 70, 95,
107, 180 (bis), 188, 190, 193, 907,
349, 361, 366 (bis), 367, 369, 378,
393, 495,. 497, 438, 447, 456, 478,
499, 593, 895, 834, 933, Μι 373,
Μο 999, 933, 365, 366, 374 (bis),
383 (bis), 611,
952, 957, 970, 971, 975, Pe 57,
336, 344, 345,1355, 1357, 360, 397,
644, 653, 724, 739, 7411 (ΒΗ), ΡΟ1
pr. 67, pr. 104, pr. 1153 5. 2.
90,. 5. ’9. 91, 5. 2'. 105, 5. ’2. 109,
5. 9. 191, 5. 3. 4, 5. 4. 89, 5. 4.
90, 5. 4. 91, 5. 4. 107, 5. 5. 15,
5. 5. 45, 5. 5. 503 ulfi. 343 ΡΒ
733, 897, Β 103‚1171,1173, 1175,
1966, 8 21, 68, 90, 91, 92, 95,
97, 100, 109, 111, 115, 131, 139,
174, 179, Tr 176, 277, 309, 316,
394, 397, 333, 346, 350, 355, 361,
369, 379, 374, 378, 493, 588, 645,
877, 884, 894, 1123, 1180 (bis),
1181, 1183,1111.1 1. 21. 100, 2} 7.
38, 3.1.1’; [4.437];V'8.⁶.·1
8.12, 08.Α111131, A868, 733 B,

459, Cp 945, Μἰ· 43, Mo. 3815

980, 985, [11125], ΡΟ 5.2. 103,
5. 4 98, Β 1157, 8 (53), 141,
Tr 737, 779, 9191, ns. Am 46,
126, 144. 977, 465, 515, 999 (bis),
994, 1004, As 983, Al 5, Β 353,
(389), 457, 507, 516, 520, 530,
608, 622, 6164, 6810, 685 (bisi 731,
7341, Cp 5, 110, 117, 21, 50, 237,
318, 321, 3177, 389,1,39514001, 588,
923, 979 987, 10112, 01 4. 2. 52,
Mn, 11171, ΜΓ1 80, 2119 485, 604,
631, 9231954, Ρ1θ 350, 378, Ρό
5. 5'. 44, Ps 2'88 (bis), 290, '3142-
R 1270, S 274, Tr 358, -'11'13. 11
4, 3. 11. 11, Δο. Am 11,050 AS
(7'7), 82, 739, 740, 853, 9391, Β

’ 703

157, 160, 167, 375, (377), 380,
392, 404, 442, 689, ’Cp 43, (49),
147, 238, 239, 340, 3142 3601, 365,
379, 384', 549, 559, 57410518), 589,
686, 699', 1007, 1’024, 1039, 0μί
606, Ε 49, 70, 349, 374, 589, 587,
588, 594, Mn 39, 113, 799, 731, 747,
750, 770, 944, 1095, 1083, 1090, ·
1098, 1108, 1117, 1198, Μι· 913,
999, 349, 659, 660, 787, 803, 898,
969, Mo 384, 389, 421, 962, 979,
981,983, 1123, ΡΟ 5. 2. 97, 5.,
9.1’,06 Ps 120', 367, 438, 444,
730, R, 104,105,1214,1267‚1275,
1277, Slo; Tr 2180, 779, 1171,8 Tu
1.1.70; 21.1.36;13.1.6;3.1.
15, Ab. ’Am 28, 98, 365, 611; Β
665, 931, Ca pr. 36, Ε 6491, Mn
31, 408, 854, 1078, 1079, 1103,
1112, 1113, Mr 64, 68, Mo 1127;
Po pr. 65; Tr 741, 771, 775, 778,
785, Tu 3. 1. 5, V 19. 13 NP.
As 50, 79, Β 1210· 8 294, Tu
4. 3. 35, AP. [Mr , 1151». Ci

patera NS. Am 260, 419, 420, 780,
781, 786, 799, Λα. Am 534, 760,
765, 769, 770, 773, 778, 783, 786,
796, Ab. Am 763, 766.

patibl'llum Ac. Ml 360.

patientiam Ac. Tr 546.

patinam Δο, 759, ΝΡ. Ρ8 833,
840, ΔΡ. Cp 3 Mo 2, Ρ8 831,
Abr. Ps 811.

patria Ns. Am 6513 Β 170, 933,
Mn 4069, Mr 653, Pe 640, 641,
Β 750, 8 650, V 8.1, 6801>
622, Δ1ο. Β 926, Cp 43,1908, 300,
3841686, Mn 11083,1(1)9Ο,11152,
Pe ⁷,620· 635, Ps 11179, ’8 506,
585, Tr 701ς1Τιι 2. 6. 5'1; 111131
6, Cp 537, 581, 699, Mn 1111,
1115, Mr 660, Pe 594, 6243 Po
5. 4. is, 5. 4. 77, Ps 1171, Β 36.

patronam’ Δο. As 219;2 R 261, Ab.

patronus NS. As 621, Cp 444,Μο
407, Pe 838, ΡΟ 5. 4. 74, Ρ81606,
R 7105, Tu4. 3. 48, DS. Cu 5243
ΜΟ 1617, Pe 839, R 906, Ao. As,
690, 757, ΜΟ 2412, V2. ’35 2. 7,
v ΑΒ 689, (33361. 14, Mn 1031,
1032, Ml 915, Mo 746, Pe 8493
·R 19166, 1980, BP. Mn 585, ΔΡ.

1“ As 659, Mn 5'79.

patruos Rs. Gi 2. 1. 38, 2. 1. 40,
Po pr. 54, pr. 115, 5. 4: 57, 5.

