De Plauti substantivis. 713

138, 11199, 01². Cu 388, Mn 462,
R 1287, ΔΡ. Cn 388, Mn 142,
ΡΘ 77, 105, Po 1. 2. 54, S 231,
Abl’. S 496.

remeligines ΝΡ. Ca 4. 3. 7.

remiges NP. Po 5. 5. 353 ΔΡ. Μι· 696.

remigio Ab. As 157, Β 289, Ml 747.

remora ΝΒ. Po 4. 2. 106, Ac. Po
*1. 2. 22, *4. 2. 31, Τι- 38.

remum Ao. As 613.

renes ΠΡ. Cu 236.

renuntii ΗΡ. Tr 253.

repagulis Abl'. Gi 3. 18.

repudium Ao. Al 776, 777, 792.

res ns, Am 80, 569, 573, 633, 705,
728, 784, 814, 876, 1042, 1068,
As 2, 14, 55, 321, 477, 490, 512,
596, 844, Al 47, 205, 216, 418,
420, 518, 536, 721, 764, 780, 796,
Β (194), 213, 291, 479, 606, 662,
721, 770, 942, 1063, cp 52, 227,
·284’, 361, 448, 488, 525, 536,ι 539,
778, Ca 2. 3. 12, 2. 5. 30, 2. 8.
18, 3.·3. 15, 3. 6. 8, 4. 4. 7, 4.
4. 20, 5. 2. 19, Gi 1. 2. 28, 1. 3.
49, 2. 1. 53, 2. 3. 13, Cu 143,
273, 302, 353, 552, 553, 563, 592,
600, 662, 729, Ε 36, 81, 124,

151, 161, 312, 422, 661, 713, Mn ,

215, 418, 482, 512, 575, 587, 710,
761, 1070, Mr 23, 43, 121, 213,
339, 351, 382, 523, 587, 857, 907,
986, Ml 173 (bis), 225, 267 (bis),
398, 404, 492, 907, 910, 1152,
1301, 13439, ΜΟ 144, 235, *518,
539, 545, 546, 700, 706, 915, 935,
1034, 1052, 1068, 1101, Pe 139,
223, 329, 360, 493, 509, 846, Ρο
2. 51, 5. 4. 29, Pe 423, 601, 630,
645, 985, 1038, 1161, 1235, R. 64,
175, 382, 457, 683, 983, 1005,
1037, 1072, 1148, 1178, 1201,
1365, 1413, S 129, 200, 310, 473,
520, 521 (*bis), 522, Tr 63, 219,
243, 270, 324, 500, 507, 534, 572,
617, 749, 904, 962, 1092, Tu pr.
21, 1. 1. 24, 1. 1. 29, 1. 2. 45,
1. 2. 9132. 4. 61, *2. 4. 49, *4.
2. 41, 4. 3. 45, 4. 4. 5, V 4. 33
16. 1, 68. ΑΒ 855, ΑΙ 68, 121,
*795, Ci 1. 2. 25, Ε 203, Mn
323, 494, 764, 812, Mr 692, 964,
Ml 103, Mo 89, ΡΘ 65,Ρο 3. 4.
353 ult. 34, Pe 1119, R 4873 S
379, 718, [Τμ 2. 5. 14], ns. Am
674, As 182, 589; Β 297, 947,
Cp 460, Ca 4. 1. 15, Ci 1. 1. 99,

1. 3. 36, Cu 532, Mn 234, Mt
379, 551, (983), Ml 77, 765, 798,
802, 1093, ΜΟ 92, ΡΘ 333, 372,
393, Po pr. 49, 2. 33, 3. 6. ’20,
Ps 58, 175, 783, 1114, R 717,
1374, Tr 38, 119, 230, 522, 635,
[757], 865, 930, 1123, Tu 2. 1.
20, 2. 4. 24, 2. 4. 40, 4. 2. 3,
Ao. Am 10, 17, 33, 50, 110, 113,
118,· 196, 239, 270, 327, 492, 499,
524, 552, (827), 847, 966, 990,
1015, 1129, 1142, As 44, 219,
288, 325, 415, 421, 433, 454, 457,
731, 748, 821, 842, 881, ΑΙ 129,
134, 142, 152, 199, 246, 298, 411,
413, 458, 479, 566, 604, 673, 674,
685, 729, 775, 800, 817, Β 58,
212, 218, 287, 404, 458, 473, 476,
477, [518], 543, 564, 566, 673,
678, 684, 690, 752, 784, 795, 1113,
1142, Cp 207, 216, 291, 377, 386,
398, 424, 452, 484, 489, 499, 501,
569, 632, 669, 670, 779, 781, 790,
861, 877, 901, 947, Ca pr. 87,
1. 1, *2. 2. 30, 2. 2. 34, 2. 3.
32, 2. 3. 48, 2. 3. 60, 2. 5. 35,
2. 8. 17, 2. 8. 70, 3. 5. 41, 4. 4.
8, 5. 2. 19, 5. 4. 3¹3 5. 4. 26,
Ci 1. 1. 83, 1. 1. 104, 1. 2. 29,
1. 3.12,2.,1. 25, 2. 1. 29, 2. 3.
6, 2. 3. 83, 3. 1, 3. 4, 4. 2. 36,
4. 2. 50, 4. 2. 55, 4. 2. 77, Cu
172, 379, 399, 416, 442, 504, 527,
558, 618, 635, 659, 667, 671, 706,
718, 722, Ε 78, 104, 117, 212,
220, 253, 260, 276, 288, 291, 316,
358, 409, 415, 418, (419), 428,
501, 565, 596, 702, 705, 730, Mn
50, 115, 118, 230, 453, 496, 519,
584, 624, 641, 679, 685, 686, 700,
732, 823, 825, 898, 942, 966, 968,
981, 982, 1055, Mt 32, 36, 51,
252, 300, 337, 448, 454, 477, 478,
533, 534, 610, 616„632, 835, 926,
1010, 1011, Ml 116, 220, 225,
(228), 274, 319, 358, 360, 471,
562, 577, 613 (bis),·724, 747, 771,
804, 867, 871, 874, [919], [926],
936, 951, 994, 1028, 1033, 1117,
1154, 1420, Mo 20, 26, 28, (88),
(99), (100), 199, 385, 415, 461 (bis),
[554], 653, 20:663, 759, 867, 987,
1051, 1094, 1173, ΡΘ [52], 75,
81, 91, 93, 192, 198, 288, 328,
342, 449, (451), 455, 492, 503,
513, 518, 531, 567, 593, 610, 757,
781, 782, Po 1. 2. 82, 1. 2. 97,

