De Plauti substantivis· 675

-- hercle Am 299, 329, 397, 408,

556, 736, 986, As 29, 39, 40, 42,
59, 249, 261, 263, 275, 373, 376,
403, 405, 412, 414, 417, 422, 446,
450, 463, 467, 471, 474 (bis), 475,
478, 588, 596, 603, 616, 622, 626,
648, 678, 683, 701, 706, 707, 750,
817, 843, 861, ΑΙ 40, 48, 53, 56,
59, 106, 186, 248, 250, 281, 306,
309, 328, 390, 401, 410, 422, 446,
453, 562, 564, 632, 648, 662, 753,
818, 821, 823; B 211 (bis),. 254,
297, 303, 310, 323, 361, 363, 503,
511, 553, 557, 701, 738, 890, 902,
999, 1027, cp 11, 75, 88, 464,
570, 649, 680, 750, 863, 868ν896,
913, Ca pr. 68, pr. 84, 2. 5. 32, 2.
6. 163 2. 6. 173 2. 6. 36, 2. 6.·
510115), 2. 8. 22, 2. 8. 24, 2. 8.
35, 2. 8. 53, 3. 3. 6, 3. 4. 3,
3. 4. 4, 3. 4. 19, 3. 5. 44, 4. 2.
16, 4. 3. 4 (bis); 4. 3. 10, 4. 3.
15, 4. 4. 6, 5. 2. 19, 5. 2. 22,
5. 2. 34, 5. 2. 39, 5. 3. 15, 5.
4. 3, 5. 4. 38, 5. 4.10, 5.4. 13,
5. 4. 14, 5. 4. 18, 5. 4. 20, Gi
1. 1. 54, 2. 1. 50, 2. 3. 39, 2. 3.
80, 3. 17, 4. 1. 10, Cu 20, 50,
83, 129, 130, 156, 194, 211, 308
(bis), 310, 313, 314, 320, 375, 452,
- 506, 520, 583, 665,- 704, 711, 718,
725, Ε 65, 116, 136, 192, 212,
246, 257, 288, 325, 326, 331, 409,
484, 510, 593, 688, 707, 715, 724,
728, Mn 92, 127, 150, 180, 197,
198, 216, 255, 256, 280, 301, 307,

2 313, 316, 329, 338, 346, 415, 428,

[453], 471, 504, 509, 516, [535]‚
618, 619, 630, 636, 642, 656, 696,
727, 737, 742, 751, 821 (bis), 872,
917, 946, 1016, 1029, 1030, 1032,
1060, 1066, 1092, 1093; Mr [3]‚
124, *131, (157), 168, 170,.179,
186, 212, 245, 264, 267, 269,
[276]‚ 294, 298, 382, 412, 425,
436, 442, 445, 521, 523, 539, 558,
566, 584, 585, 614, (620), 705,
709, 719, 738, 755, 757, 759, 762,

792, 895, [971], 977, 980, 988, ·

993, 1007, 1013, 1018, 1023, 1026,
Ml 19, [22], 31, 37, 156, [186],
213, 278, 310, 311, 324, 367, 368,
369, 394, 403, 417, 473, 486, 491,
571, 581, 683, 700, 755, 830, 838,
852, 861, 871, 899, 968, 972, 977,
1004, 1006, 1043, 1057, 1073,
1128, 1305, 1307, 1308, 13960115),

1408; Mo 18, 21:75, 174, 207, 212,
229, 237, 386, 459, 462, 469, 507,
513, 549, 557, 577, 583, 585, 586,
618, 622, 632, 646, 651, 664, 674,
678, 720, 729, [798], 803, 824,
878, 897, 907, 912, 914, 993,
[1012], 1022, 1107, 1112, 1142,
1147, 1168, 1176, Pe *41, 134,
140, 143, 145, 154, 162, 186, 193,
205, 206, 237, 283, 285, 300, 342,
427, 440, 448, 466, 534, 588, 591,
593, 628, 629, 706, 829, 836, Po
pr. 45, 1. 1. 23, 1. 1. 44, 1. 1.
45, 1. 2. 112, 1. 2. 121, 1. 2. 134,
1. 2. 142, 1. 2. 164, 1. 2. 180,
1. 3. 3, 1. 3. 21, 1. 3. 27, 1. 3.
29, 1. 3. 34, 2. 34, 2. 41, 2. 46, .
2. 46⁸; 3. 1. 5, 3. 1. 40, 3. 1. 63,
3. 1. 66, 3. 2. 11, 3. 3. 30, 3. 3.
59, 3. 3. 93, 3. 5. 40, 3. 6. 2,
4. 2. 24, 4. 2. 88, 5. 2. 68, 5.
2. 70, 5. 2. 72, 5. 2. 131, 5. 2.
144, 5. 2. 146, 5. 2. 147, 5. 2.
154, 5. 3. 50, 5. 4. 39, 5. 4. 50,
5. 4. 53, 5. 4. 61, 5. 4. 64, 5. 4.
73, 5. 4. 79, 5. 5. 23, 5. 6. 23,
Ps 29, 79, 87, 104, 109, 116, 130,
223, 296, 301, 302, 326, 340, 473,
508, 510, 523, 535, 626, 628,· 654,
779, 885, 909, 912, 1032, 1056,
1059, 1070, 1073, 1099, 1191,
1222, 1248, 1288, [1319], 1332,
R 108, 131, 139, 153, 363,·466,
470, 471, 474, 479, 490, 563, 656,
721, 737, 763, 766, 769, 785, 787,
790, 797, 810, 821, 824, 834, 835,
986, 999, 1016, 1032, 1039, 1085,
1097, 1131, 1138, 1146, 1150,
1294, 1297, [1307], 1315, 1328,
1361, 1367, 1369, 1372, 1390,
1400, 1401, 1413, 1414, 1415,
1416, S 164, 184, 189, 191, 205,
360, 374, 379, 389, 437, [459],
474, 480, 495, 497, 554, 559, 561,
588, 596, 597, 610, 643, 646,
[666], 687, 713, Tr 52, 53, 56,
58, 62, 409, 411, 419, 433, 457,
463, 464, 483,‚555, 559, 560, 612,
717, 731, 747, 752, 761, 762, 783,
869, 885, 912, 946, 973, 1023,
(1045), Tu pr. 7, 1. 2. 66, 1. 2.
71, 1. 2. 72, 2. 2. 13, 2. 2. 32,
2. 2. 58, 2. 3. 6, 2. 3. 8, 2. 4. 6,
2. 4. 18, 2. 4. 68, 2. 4. 72,
2. 6. 29, 2. 6. 54, 2. ,6. 57, 2.
8, 2. 7. 361», 2. 7. 51, 2. 7. 59,
2. 16, 4. 2. 29, 4. 2. 46, 4. 2.

44*

7.
4.

