660

Tu 5. 513 ΒΡ. ΟΡ 79; Cu 3223

Ar. Op 485, Cu 318, Po 1. 2.

159, Ps 787, Tr 909, 925, Abr.

cp 187, 913, Ε 429, R 535, Tu

2. 1. 14, 2. 7. 422.
dentifrangibula 171². B 596.
dentifrangibule V. B 605.
(depeculatui DS. E 520.)
deprecatio NS. Cp 522.

- deridiculi 53. Am 582, ns, Ml 92,

Ao. Ps 1058.
derisores ΔΡ. ΟΡ 71. ’
desidia ΝΒ. Mr 293 ΘΒ. Β 10833 DS.

Mr 623 Ao. Tr 6503 Ab. R 923 ‘

Tr 647.

desidiabula. ΑΡ. Β 376.

despoliator ΝΒ. Tr 240.

desulturam Ao. Ml 280.

defficatu DS. Ca 2. 2. 153 2. 2. 193

n 693.

deus ΝΒ. Am 533 Al 7303 B 120,
638, 8183 ΟΡ 313, Cil. 3. 53 4.
1. 173 Cu 1673 Mr 8443 *Ml 10433
Pe 5833 R 2563 S 3923 DS. Am
986, As 7133 Οἱ 1. 3. 23 R 1873
Ae. Am 4933 As 716, 7823 ΟΡ

- 8653 ΝΡ. Am 61, 380, 455, 563,
597, 822, 1022, 1051, 1089,11303
Ae ’46, 467, 623, 6543 Al 88, 147,
173, 181, 205, 255 (bi’s), 253, 270,
457, 492, 537, 608, 637, 650, 669,
778, 781, 782 (bis), 801, 8633 Β
111, 181, 239, 244, 255, 414, 457,
468, 617, 626, 816, 895,11883
ΟΡ 22, 138, 172, 195, 242, 355,
418, 537, 58’7, 597, 859, 858’, 891,
902, 909, 934, 974, Ga 2. 3. 30,
·2. 4. 1, 2. 5. 15, 2. 8. 15, 3. 4.
193 3. 5. 173 4. 3. 143 4. 3. 153
0111 53 (1513), 2. .1. 21; 2. 1.
36;..321462.3.331 4.1.;11
4. ’2. 2, Cu 131, 274, 317, 456,
531, 55²1‚'⁷19; Ε ’5, 13, ’,23 55,192,
196, 341, 396, 515, 539, 627, 6443
Mn’ 278,’ 308,' 451,’ 474’, 551’, 558,
595, 555, 872, 933, 1001, 1021,
1052, 1081, 1120, Mi· 225, 285
(bis), 323, 402, 435,537, 513,

· 525, 710, 793, 834, 850, 955, 957,
Mi [117], 285, 293, 351, 501, 529,
570, 571, 700, 725, 833, 871, 1038,

1384, 1403, 1419, Μο 39, 77,170,·

192, 205, 222, 341, 453, 520, 530,
555, 558, 584, 717, 805, 912, 1130,
Pe ‚15 (bis), 205, 292, 295, 298,
470, 483, 488, 492, 555, 581, 522,
639, 552, 555, 755, 784, 823, 831,

· 1293, 1298, 1303, (1316),

⁰ Hermannus Rassow:

Po 1. 1. 803 1. 2. 633 1. 2. 76
(bis)3 1. 3. 303 2. 13 2. 14.; 3. 1.
13 3. 2. 113 3. 2. 313 3. 2. 333
3. 3. 463 3. 3. 543 323. 743 3. 5.
63 4. 2. 53 4. 2. 83 4. 2. 373 4.
2. 413 4. 2. 783 4. 2. 873 4. 2.
883 4. 2. 893 4. 2. 953 4. 2. 1013
5. 1. 203 5. 2. 73 5. 2. 2835. 2.
953 5. 4. 383 5. 4. 493 5. 4. 823 5.

4. 83, 5. 4. 85, 5. 4. 88, 5. 4. 104,

ult. 293 uit. 423 ΡΒ 37, 122, 271,
315, 381, 500, 513, 545, 557, 588,
735, 757, 837, 905, 935, 9431129,

1230,1294, R 83, 107, 148, 193, 421,
458, 593, 885, 1112, 1151, 1154,

1155, 1183, (1191), 1193, 1229,
13603
S 252, 459, 505, 595, 525, 557,
585, 754, Tr 150, 384, 435, 490,
501, 502, 573, 575, 591, 923, 944,
992, 997, 1024, 103Ο,1070,1076,
11523 Tu2. 3.10;2. 4.8Ο; 4.
1.;3 4..3257 4..331; 4..4113
V2. 313 GP. Am 45, 8413 Al
154, Β 124, cp (324), ’522, ’,853
Cu 594, Ε 58’0, 575, Mn 217‚' 1053,
Ml 676, 679, 7363 Mo 7123 Pe
391, Ρο 1. 2. 43, R 319, 'rr 345,
355, 912, m’. Am 181, 535, As
1433 Β 119, 144; ΟΡ 454, 9223
Oi 2. 3. 80; Cu 158, Pe 25, [254],
·Ρο 5. 4. 84, Pe 1258, Β. 254,
*7093 Tu 2. 4. 693 3. 1. 33 ΔΡ.
Am 284, 720, 1051, 1090, 1093,
Al 735, 735, Β 347, 387, 452,
777, 905, Op 727, Ca 2. 5. 24,
2. 5. 28, 2. 5. 38, 2. 5. 37, 2. 5.
44, 3. 5. 35, Oi 2. 3. 52, 4. 1.
12, Cu 70, 253, 558, Ε 302, 510,
Mn 20:461, 521, 555, 812, 990,
Mi· 527, 835, 905, Ml 531,·541,
725, 1209, Po 1. 2. 70, 2. 19,
4..321..3117P82693R6,
⁹ 191, 346? 407, 499, 650, 1146,
12563 S 534, 6233 Tr 57, 490,
520, 824, 115’53 AbP. Am 12, Β
117, Cp’7773 632. 5. 38, 2. 5.
40, 2. 5. 41, Ε 575, Μί 314,
1351, Mo 553, Pe 332, 773, Po
2. 43 R 263 S 2963 Tr 830.
*deverticulum ΝΒ. ΟΡ 523.
(1135355131ίὶ ΠΡ. ΑΙ 508.
Diabulus ΠΒ. As 634, 7513
Dianae GS. Β 307, 3123 DS. Ml 411.
Diapontius ΝΒ. Mo 497..
dicam Ao. Al 7533 Po 3. 6. 5.

Δο. Aa

ἡκ.ιό

