De Plauti substantivis.

756, 861, 871, 876,
111, 170, 224, 225, 250, 608, 708,
824, Β 42, 497, 552, 555, 633,
640, 658, 701, 773, 837, 858, 867,
967, 981, 11073 Cp 294, 373, 515,
533, 540, 596, (665), 718, 728,
833, 949, Ca 2. 3. 7, 2. 4. 53 3.
3. 2, Cil. 1. 953· Cu 332, 338,
467, 470, 683, Ε 16, 26, 60, 80,
121, 126, 195, 291, 328, 427, 436,
536, 6683 Mn 66, 147, 240, 316,
374, 379, 407, 465, 486, 594, 640,
707, 744, 808, 898, 903, 947, 949,
1088, Ml· 141, 194, 330, 6413 Ml
21, 68, 160, 169, 260, 267, 494,
538, 558, 563, 704, 926, *927,
998, 1042, 1312, 1345, 1400, 1407,
ΜΟ 89, 91, *704, 719, 774, 802,
804, 1074, 1078, 1090, 1091,1124,
Pe 480, 596, 638, 649, 738, *7863
Po pr. 101, 1. 1. 523 3. 2. 163
3. 3. 453 3. 3. 58, 3. 3. 623 3. 3.
723 3. 4. 20, 4. 2. 193 4. 2. 373
5. 2. 71, 5. 2. 72, 5. 3. 2, 5. 5.
8, ult. 133 Pe 202, 249, 322, 389,
613, 681, 697, 702, 724, 729, 734,
738, 751, 756, 792, 907, 931, 956,
966, 971, 974, 1017, 1019, 1059,
1079, 1160, 1196, 1205, 1207,
1318, R 115, 125, [226], 654, 660,
843, 886, 963, 965, 1387, S 171,
237, 575, 576, 578, 583, 642, Tr
45, 237, 308, 335, [769], 859, 896,
905, 913, 952,,1013, 1016, 1125,
Tu 1. 2. 34, 1. 2. 62, ,2. 1. 17,
2. 2. 25, 2. 6. 21, 2. 7. 40, 2. 7.
46, 2. 7. 49, 3. 2. 27, 5. 38, 5.
41, 5. 65, V 2. 263 2. 34, ·Ab. B
(394), 539, Cp 8283 Cu 3023 Ε
290, Mn 6303 ΡΘ 477, PS 385,
938, 1163, Tr 8493 ΠΡ. Am 159,
8463 As 36, ΑΙ 7463 B 118, 289,
Cp 78, 84, 142, 2323 Οἱ 4. 2. 83
4. 2. 213 5. 13 Cu 475, 4823 E
1663 Mn 221, 958, 997, 10523
Mr (263), 410, Ml *45, 452, 486,
733, 735, 7583 Mo 9353 Pe 8443
Po 2. 293 5. 5. 323 ΡΒ [294], 381,
427, 443, 600, 819, 822, 825, 972,
R 156, 290, 829, (1316); S 64,
6403 ’Τ1- 877, 893, 10323 Tu *4.
3. 57, 5. 403 GP. Am 634, 938,
1121, [As 922], ΑΙ 244, 297, 6953
B 372, Cp 333, 419, 511, 540,
622, [828], 836, Ca 4. 2. 4, Cu
6943 E 18, 249, 447, 502, 580,
Mn 223, 258, 457, 817, 105'33 Mr

8803 Al 71,

677

842, Ml 463 ΜΟ 340, 593, 657,
Pe 355, 385, 550, 779, Po pr. 90,
226,2283354284
2. 9; 5. 2. 83 5. 4. 143 5. 4. 153
Pe 5, (156), 351, 678, 802, 8733
R 9, 11, 149, 185, 311, 319, 706,
920, 12353 S 183, 6363 Tr 35,
240, 290, 543, 669, 912, 1046,
1115, Tu 1. 1. 443 1. 2. 4, 2. 1.
13, 2. 7. 333 Dr. Am 3423 Cp
9853 Ml· 225, 842· Ml 7553 Po
1. 2. 303 Ps 827,11853 R 593,
Tr 10463 [Tu 4. 3. 5]3 ’AR Am
303, 320, 728, 996, As 34, 727,
Β 1'1803Cp '22‚ 100, (326)’, 455,
500, 554, 727;’ Oi ’2. 1. 13 2’.
1. 33 cu 499, 5083 E 382, 613;
Mn 31, 79, 98, 24:308, 452, 453,
952, 961, 990, 11133 Ml 170, 541,
660, 9963 Mo 119, 245, 781, 902,
10933 Pe (266), 566, 749; Po 3.
1. 33 3. 1. 193 3. 2. 63 3. 2. 353
4. 2. 13 5. 2. 193 Ps 136,1130;
R 54, 255, 315, 346, 4073 S (49),
135, 401, 446, 6063 Tr 520, 828,
830, 920, 948,·1020, 1150, Abr.
Tr 10183 Tu 1. 1. 55.

homunculi NP. *Cp 513 R. 1553 Tr

honos Νβ. Β, 195, Τ1· 663, 697, Gs.
Am 486, 8673 As 191,194; ΑΙ
25, 4603 Cu 5493 Mr 527, Ml 620,
Po 3. 3. 253 S 338· Tr 694·
Ε 36, Tr 644, Ao. As 813 Al'173
B4383 011.1.43M110753R
2883 Tr 272, 646, 10353 Tu 2'. 7.
343 Ab. Β 6133 cp 247, 279, 356,
3923 Tr 482, 10293 Tu 2. 7. 203
Ar. Cu 1763 Pe·512; Abr. Al 19.

hora Ab. Ps 13043 Abl'. Ml 212.

hetaeum Ac. Cp 851.

hordeo Ab. As 706.

horiae 08. R 9103 Ao. V 3. 13 Ab.

horiola Ab. Tr 942.

horreo Ab. Mn 15.

,horror 178. Am 1118, Ab. Am 1068.

hortamentis Abl'. Tu 2. 2. 63.

hortator ΝΒ. Mr 696.

hortus ΝΒ. Ml 378, Ao. As 7423 Al
2423 Ca 3. 4. 233 13660, Mr10093
Ml 191, 3403 Mo 1045, Pe 446,
6793 Po 5. 2. 59, S 437, 452,
614, Tu2. 1. 37, Ab. Τ112. 2. 48.

hospes ΠΒ. As 361, 416, 431, Β
231, 3453 [Cu 429]; Mr’ 98, 9433
Ml 635, 738, 741, 746, 752, 937,

