714

1. 2. 167, 1. 2. 196, 3. 1. 44,
3. 1. 50, 3. 1. 53; 3. 1. 33 (bis);
3. 1. 72, 3. 2. 6, 3. 2. 13, 3. 3.
22, 3. 3. 46, 3. 3. 62, 3. 3. 66,
3. 4. 153 3. 5. 53 4. 2. 323 4. 2.
51, 4. 3. 106, 5. 3. 11, 5.2. 118,
5. 2. 123, 5. 3. 133; 5. 3. 38,
5. 5. 37, 5. 6. 17, ult.·1; Ps 48,
89, 167, 195, 197, 234, 235, 237,
253, 261, 267, 385, 420, 496, 587,
594, 651, 684, 770, 795, 926, 942,
1006, 1075, 1102, 1256, P. 19, 38,
95, 130, 188, 220, 343, 347, 430,
558, 611, 1061, 1132,1180,1206,
1399, S 41, 82, 145, 356, 379,
396, 405, 518, 525, 56,6 630, Tr
13,17,62,107,108,114,’139,
234 (bi's), 2’72, 32’4, 327, 330', 332,
336, 388, 391, 417, 480, 554, 613,
621, 628, 636, 652, 656, 682, 729,
733, 748, 755, 773, 791, 800, 303,
341, 901, 953, 985, 1003, 1042,
(1045), 1033, 1113,.1145; Tu pr.
19, 1. 1. 38, 1. 1. 51, [1. 2. 9],
1. 2. 37, 1. 2. 38, 1. 2. 43, 1. 2.
51, 2. 1. 13, 2. 1, 25, 2. 2. 55,
2. 3. 21, 2. 4. 57, 2. 5. 3, 2. 5.
9, *2. 7. 17, *2. 7. 39, 4. 2. 2,
4. 2. 25, 4. 2. 32, 4. 3. 68, 4.
3. 77, 4. 4. 1, 4. 4. 11, 4. 4. 20,
4..42234..42635.4535 703
5.373 V1.;19 224, Ab. Am
40, 58, 249, 528, 570, 632, 655,
736, 884,968, 1087, Α’Β 160, 224,
539, Al 139, 198, 220, 392, 533,
763, 792, c'p 30’3, 3'93, [321],
338, 525, 533, (959), Ca 2. 3. 35,
2. 6,. 42, 2. 8. 63, ci 2. 3. 23,
Ε 113 (ter), 153, 297, Mn 37,
661, 812, Mr 133, 335, 629, Ml
1115, 1411, ΜΟ 61, 542, Pe 109,
753, 754, [756], Ρο 1.2. 104,
1,2,,193 3.1.,21 3.3.4 3.
4183423 353 5..118,
ulf.. 31, Pe 19, 123, 237, 261, 336,
333, 45⁷4, 543ἱ(*1>ίε), 745, 1021,
R 683, '1030, 1126, 1378, S 3,
402, 411, 502, 507, Tr 333, 238,
376, 592, 594, 609, 610, [1015],
1054,1066,1182,Τ11 1. 1. 26,
1..156, 2.,640, 4,.341, 4.
4. 8, πιῖ. Am 417, 650, Al 794,
’οΡ7’8, 79, 092. ’.4 24’, 01192,
Ε 397, Mr117, 133, 463, Mo 932,
Pe 345, (453), 655, Po 1. 2. 3,
1, 2. 5, Ps 268, 577, R222, 282,
674, 818, 124, Tr 1164, GP. Am

Hermannus Bassow:

1053 As 459, Al 54, 117, Β 637,
cp 334. 376, Oi 1. 1. 33, Mn 789,
812, Mr 476, 608, Ml 397, 1355,
Pe 507, 513, 633, Pe 1063, R 897,
1068, 8 104, Tr 451, (1052)3 Tu
2. 2, 52, 4. 3. 163 m’. Am 510,
6493 Β 526, Cp 5363 Ca 2. 3. 13
Οἱ 5. 8, Mr 363, 3773 Mo 1593
Pe 560, *Po 5. 4. 16, Tr 1057,
'ru 1. 3. 35, 4. 4. 18, Δι’. Am
4, 7, 536, 9283 Β 110, 143, 164,
cp 673, ci 4. 2. 53 (515), Ε 72,
566, Mn 10, 752, 759, Mr 1, 847,
Ml 353, 662, 313,953, 1057, 1437,
Mo 776, 1003, Ρο 1. 1. 1, 2. 51,
3. 3. 67, 3, 4. 9, *4. 2. 54, 5.
3. 2, ult. 30, Ps 153, 626, 1330,
R 18, 519, 936, 1212, S 199, 362,
530, Tr 186, 223, 266, 446, Tu
2. 2. 45, 2. 2, 46, AbP. Am 3,
Al 777, Β 267, Cp 82, 85, 406,
968, Ca. 1. 13, 5. 3.1; Oi1.1.3;
Ε·39,.605, Ml 343, (675), 737,
Mo 728, 749, 897, 1041, Po 1.
2, 29, Ρ8 779, Tr 37, 344, 411,
446, 711, Tu 2. 1. 253 *2, 7. 58.

—· eccere Am 554, Ca 3. 6. 34,
Mn 401, Ml 207, -*Mo 382, Pe
300, Tr 386.

resinam Ao. Mr 139.

responsiones ΔΡ. Mo 591.

responsorem Ae. R 226.

τοεξοῃῗιδηι ἕω. 81Ξῖ 480.

res ιο o

restim Δο. Ca 2. 7. 2, Pe 8153 Po
1. 2. 1843 ΡΒ 88, R 367, 1036,
ΔΒΡ, Ρ6 282.

restissrix RS. Tu 4. 2. 5.

rebe RS. R 9853 Tu 1. 1. 153 Ae.
R. 942,984, 1168, Tu 1.1. 14,

.1..1163 1.1.17; Ab.R.914,
1020,1071,1292,ΔΡ.Ε 216, R
900, AbP. As 225.

ressieentia Ab. Mr 893.

reticulo Ab. As 100.

reus ΠΒ. Tr 234, Tu 4. 3. 63, Ae.
011316, Ar. cp 476.

revorsionem Ae. B 296, Tu 2. 4. 42.

1301178. Am 261, 351, 413, 419, 535,
,ΑΙ 696, Cp 9’2, 622, 82’53 Mn 76,
410, Ml 75· Po 3‘. 3. 58, R931,
. 937, 8133, 2,87 Τι’207, Ge. Am·
831, Pe 3393138. Am 194· Mn
902· Po 3. 3. 81, Ps 5323 Ao.
Am 252, 415, 746,10423 ΑΒ 9193
Α186, Ml 948,1225, Po 3. 3,
51, Ps 193, S 287, 455, Tr 7223

 

 

