708

4. 9. 90, 5. 9. 118, 5. 9. 147,
5. 3. 16, 5. 3. 53, 5. 4. 10, 5. 4.,
19, 5. 4. 44, 5. 4. 58, 5. 5. 10,
Ps 25, 195, 270, 318, [594], 003,
050, 879, 910, [950], 970, 1084,
R [185], 238, 340, 505, 530, 844,

863, 899, 939, 946, 966, 1115,
1300, S 36, 39, 44,,(5Ο), 108,
616, 625, [672], Tr 345, 363, 372,
422, 474, 801, 827, 841, 851, 928,
1061, Tu 1. 2. 12, 1. 2. 13, 1.
2. 18, 1. 2. 50, 1. 2. 100, 2. 1.
29; 2. 2. 61, 2. 4. 28, 2. 7. 57,
3. 2. 4, 4. 3. 36, 4. 3. 78.

-- edepol Am 182, 271, 280, 281,
336, 371, 399, 441, 503, 510, 516,
654, 672, 753, 762, 768, 776, 777,
843, 848, 887, 913, 1041, 1045,
1074, Α8 140, 190, 279, 292, 299,
409, 465, 516, 543, 558, 560, 567,
580, 645, 833, 886, 893, 901, Al
202, 213, 221, 252, 260, 312, 444,
467, 572, 602, 622, 723, 757, Β
161, 166, 218, 254, 293, 321, 515,
545, 922, 1047, 1055, (1100), Cp
209, 253, 287, 289, 452, 545, 604,
805,.948, 1017, 1020, Ca. 2. 5. 1,
2. 5. 18, 2. 5. 19, 2. 5. 20, 2.
6.,2, 2. 6. 8, 2. 6. 31, 2. 8. 19·
3. 1. 7, 3. 2. 24, 4. 3. 12, 4. 4.

· 22, 5. 4. 31, Gi 1. 1. 13, 2. l.
34, 4. 2. 66, 4. 2. 87, Cu 142,
157, 182, 386, 409, 462, 505, 537,

571, Ε 11, 35, 79, 118, 180, 203,

400, 409, 461, 619, 699, 648, 667,
686, Mn 100, [292],· 395, 333,
383, 385, 464, 497, 500, 518, 567,
613, 699, 650, 665, 678, 687, 894,
899, 908, 997, 1090, 1093, 1067,
1068, 1137, 1144, Mr *15, 120,
137, 140, 204, (375), 376, 391,
393, 419, 438, 444, 446, 460, 496,
508, 514, 539, 643, 799, 999, 958,
989, Ml 19, 25, 49, 273, 309, 399,
406, 408, 499, 469, 471, 538, 586,
659, 779’, 84³7, 848, 988,’1000,
1074, 1918, 1’996, ’1955, 1963,
197οΞ Mo 14’0, 943, 996, 370, 438’
449, ’,609 657, 766, 816, 818, 895,
833, 842’, 905, 981, 985, ’,1006
1008, 1096, 1ὀ77, [’1081]’ 1089,
1088, 1099, ’,1113 ’1110;Pe 8, 91,
94, 1’09, 12'8, 186, 451,’ 484, ’546,
547, 564, [617], 668, 673, 697,
Po 1. 1. 9, 1. 9. 70, 1. 9. 111,
1. 2. 115, 1. 9. 197, 3. 1. 68, 3.
9. 4, 3. 9. 96, 3. 3. 89, 3. 4. 6,

Hermannus Bassow:

·4. 2. 17, 4. 2. 47, 4. 2. 50, 4. 9.
65, 5. 2. 17, 5. 2. 18, 5. 2. 26,
5. 2. 79, 5. 4. 29, 5. 4. 47, Ps
152, 339, 342, 476, 507, 511, 519,
555, 784, 873, 925, 953, 992,
1018,1024,1050,1101',1199(bis),
1205,1214’,1215,1252, 1280, R
345, 415, 489, 511, 527, 557, 654,
686’, 805, 80’0‚ 837, 943, ’1045’,
1159, 1161, 1186, 1188, 1937,
1288, 1305, 1368, 1371, S 111,
120, 272, 345, 350, 470, 573, 575,
580, 587, 599, 613, 617, 638, 669,
719, 734, 756, 'rr 49, 05, 90, 198,
138, 179, 333, 335, 346, 357, 369,
433, 438, 599,· 574, 599, 606, 613,
864, 890, 900, 906, 907, 918, 959,
971, 1004, 1147, 1164, 'ru 1. 2.

·87, 1. 9. 104, 9. 9. 51, 2. 3. 20,
9. 4. 10, 9. 4. 14, 9. 4. 20, 9. 5.
9, 9. 6. 67, *9. 7. 979, 3. 1. 11,
3. 2. 27, 4. 2. 50, 4. 3. 08, V
1. 15, 1. 28, 2. 14, 2. 27.

pollucti Gs. R 1419.

polluctura ΝΒ. S 688.

Polymachaeroplagides Ns. Ps 988,
989, 999, 1150, 1153, Ao. Ps 991.

Polyplusio DS. Cp 973, Ab. Cp 277.

polypum 110.ss 1010, ΔΡ. Al 190.

pompam Δο. Cp 771, Ca. 3. 5. 66,
011. 1. 92, M107, P.05 2. 52, S'
683, Tu2. 6. 68, A'b. B114, 0112.

pondu's 178. Am 312, Pe 244, Ab.
Pe 939, 81». Tu 1. 1. 50.

— pondo (adv.) As 299, 301, Mn
Γ596, 542, Pe 231, Pe 810, R914,

u 5. 21.

pontem Δο. Ca pr. 66.

pontifex ΝΒ. Β. 1377. ·

Pontum Aa. Tr 933, Ab. Tr 934,
Tu 2. 6. 59.

popi'nam' Aa. Po pr. 41, Ab. Po 4.

popularis (maso.) 178. Po 5. 2. 79,
ΠΡ. ΑΙ 403, R 615, ΔΡ. Am 193.

popularis (fem.) Ns. R 740, 1208,
Δο. R 1080, m’. R 605, ΔΡ. Po
4. 2. 84, 5. 2. 5.

popularitatis 88. Po ·.5 2. 81.

pop(u)lus ΝΒ. As 600, Cu 29, 509,
Po 3.1. 25, 08. AS, 055, Α’1283,
481, 3438, Ca p.r 11, 3. 2.6,
Ml 993, Mo' 15, Pe 408, 418, Ρο
3. 1. 21, 3.4. 15, Ρ8365, 8353,
490, 492, Tr 482,1146, bs. Am
101, 190, 259, 98’73 Cp* 813, Mo
123, Po pr. 11, 1. 2. 17, Ρ8 126,

