696

453, 465, 495, 504„515, 538, 542,
564, 570, 634, 683, 707, Ε 95, 112,
166, 297,- 305, 350, 425, 687, 692,
694, Mn 257, 304, 458, 616, 620,
630, 642, 648, 665, 1106, Mr 32,
317, 361, 396, 399, 423, 459, 507,
542, 666, 728, 734, 738, 819, 912,
944, 1000, 1003, Ml 19, 280, 302,
329, 407, 423, 447, 469, 625, 694,
697, 740, 759, 905, (1002), 1007,
1153, 1326, 1333, 1432, ΜΟ 207,
273, 279, 514, 516, 526, 544, 551,
712, 745, 746, 750, 845, 851, 860,
981, 992, 1107, 1175, Pe 94, 161,
162, 180, 225, 228, 270, 292 (bis),
416, 424, 473, 530, 536, 537, 585,
630, 645, 688, 690, 764, 767, 832,
ΡΟ 1. 2.‘48,· 1. 2. 112, 1. 3. 11,
3. 1. 1, 3. 2. 10, 4. 2. 22, 4. 2.
92, 5. 4. 73, 5. 5. 28, Ρ8 14, 78,
232, 308, 426, 957, 1066, 1197,
1330, R 25, 117, 418, 583, [725],
831, 832, 852, 941, 959, 996, 1053,
1085 (bis), 1092, 1124, 1128, 1248,
1255, 1321, 1327, 1329, 1414,
1419, 'S 82, 206, 294, 320, 356,
424, 483,· 497, 514, 591, 712 (bis),
735, Tr 14, 188, 199, 258. 297,
333, 337, 354, 369, 395, 503, 511,
561, 566, 569, 668, 712, 808, 917,
930, 973, 976, 1049, 1108, 1158,
. 1181, Tu l. 2. 59, 2. 1. 7, 2. 1.
19, 2. 1. 21, 2. 1, 22, 2. 2. 4,
2. 2. 50, 2. 6. 61 (bis); 4. 1. 12,
4. 3. 18, 4. 4. 8, 5. 20, GS. As
203, 472, 859, Β 89, 91, 904,
1157 (bis), 1162, 1188, 1207, ΑΙ
533, Cp 616, 986, Ca (1. 31),
*2.’.,.⁷.’,3222329 2..339,3.
2.,29 3,4.15, *4.3.,5 Cu155,

218, Mn 972, 993, Mr. 125, 440,

ΜῙ 168,180, 285,14Ο9, ΜΟ 156,
245, Pe 96,120,179,224; ΡΟ 1.
2. 693 3. 1.17, ,.’,5.521 Ρ8239,
1086,1103,1104, R 920, S 189,
637, Τι’ 607,1013,1017,1032,
Tu 2. 3. 12,’ 2. 6.' 58, 2’. 7. 2,
2. 7. 40, 3. 2. 27, 3. 2. 28, 4. 2.
51, 4. 2. 56, 4. 3. 77, Ao. *R
1135, Ab. Am 596, 908, As 394,
Β 518; cp 417, Ca 2. 3. 46,
*Oi 1. 1. 32, Cu 327, 478, Mn
953, 1047, 1060, Mo 161, 200,
631, Pe 637, ΡΟ 1. 2. 150, Ρ8
938, R 966, 1022, 1233, 8 643,
645, Τι’397, Tu4. 2. 56, V1.33.
*nitoribus AbP. Ca 2. 3. 1.

Hermannus Bassowz

nix NS. S 648.

nobilitas 178. R 933, Δο. Cp 299,
Ml 1324.

noctuam Δο. Mn 653 ι

Nocturnum Δο. Am 272.

nodum Ae. Mn 247.

nomen ns. Am 19, 332, 364, 423,
As 10, ΑΙ 162, Β 19, 284, Cp
285, 286, 726, 983, Gi 1. 3. 6,
1. 341, 4.2. 106, Cu 77, Ε 234,
Mn 44, 263, 297, 341, 498, 811,
1068, 1096, 1107, 1126, 1129,
1131, Mr 517, Ml 86, 436, Pe
623, 624, 625, 700, 706, Po pr.
92, Ps 295, 636, 637, 639, 653,
655, 977, 990, R 5, 1157, 1159,
1160, 1163, 8 239, 240, Tr 18,
391, 496, 620, 889 (bis), 890, 906,
Tu pr. 12, 4. 2. 48, 4. 4. 29,
ns, Tr 915, 927, Ao. Am 18, 305,
As 7, 374, 780, Al 413, 577, Β
361, 386, 559, 704, 945; cp 69,

ι560, 634, 82ος Ga pr. 30, Ci 2.
3. 34, Cu 409, Ε 496, 637, Mn
40, 42, 45, 47, 77, 294, 337, 499,
1066, Mr 516, 636, 728, Ml 85,
437, Mo 70, 661, Pe 646, Po pr.
50, pr. 55, Ps 192. 744, 976, 985,
986, 991, 1100, 1108; Β, 32, 934,
S 174,176, 332, Tr 8, 20, 21, 843,
882, 883, 887, 908, 912, 919, Tu
1. 1. 59, Ab. Am 600, 813, Α8
454, 652, Al 631, Cp (288), 590,
Ca pr. 34, Cu 409, Mn 46, 298,
383,1122,’1135; Μ1435Ρέ 185,
R 236, S 242, Tr 885, NP. ΡΟ
4. 2. 1’5, 5. 3.' 20, Ars As 131,
Β 124, Cp 37, 676, E 224, 229,
Pe 707, ΡΟ 5. 2. 102, R 15.

noffio NS. Tu.2. 7. 62.

novercam Δο. Ps 314.

nox Ns, Am 113, 255, 276,277, 288,
546, 548, Β 88, Cp 417, Cu 4,
Tr 251, 68. Am 154, 163, 292,
310, Cu 1, [R 587], Tr 886, DS.

. Cu 352, Aa. Am 550, 639, 732,
As 194, 198, 624, 736, 872, Β
700, Μ11 188, 965, Mo 534, Po
pr. 108, R 370, S 438, Tu 2. 2.
23, 3. 2. 20, 5. 46, Ab. Am 279,
514, 532, Cp 127, 717, Ca. 3. 5.
37, Gi 1. 3. 11, cu 247, 260,
Mn 822, Mr 102, 227, 370, 1024,
Ml 383, *ΡΟ 4. 2104, R 84,
354, 362, 561, 596, 898, 915, 1307,
Tu2. 1. 37· NP. Tul. 1.11;
1. 1. 21, ΔΡ, Am 168, 3143 Α8

